# RIPL-3 Level Density Parameters (HFB-based, subset for Fe region testing)
# Source: RIPL-3 / Hilaire et al. compilation
# Z    A  Ndisc       D0        a     delta         T        E0    Ematch     sigma
   26   54   15  8.000E+03    5.980    -0.320     0.910    -0.950     3.100     3.380
   26   55   12  3.500E+03    6.100    -1.050     0.900    -1.380     2.780     3.450
   26   56   20  2.500E+04    6.210    -0.520     0.880    -1.160     3.240     3.510
   26   57   15  1.200E+03    6.350    -1.230     0.920    -1.780     2.560     3.620
   26   58   18  5.800E+03    6.480    -0.480     0.870    -1.100     3.180     3.580
   27   57   10  2.400E+03    6.250    -0.890     0.900    -1.290     2.850     3.520
   27   59   12  1.600E+03    6.420    -1.100     0.910    -1.520     2.680     3.600
   28   58   14  1.800E+04    6.150    -0.280     0.890    -0.920     3.310     3.450
   28   59   10  4.200E+03    6.280    -0.950     0.900    -1.350     2.810     3.530
   28   60   16  3.200E+04    6.400    -0.260     0.880    -0.890     3.380     3.500
