# RIPL-3 Discrete Level Schemes for Z=26 (Fe)
# Source: RIPL-3 / ENSDF (subset for testing)
# FORMAT: Header (a5,6i5,2f12.6)
56Fe    56   26   20    8   20   10   11.197400    8.884100
  1   0.000000   0.0  1 -1.000E+00  1
                                       2     0.8468  1.000E+00  1.000E+00  0.000E+00
  2   0.846800   2.0  1  8.300E-12  1
                                       1     0.8468  1.000E+00  1.000E+00  0.000E+00
  3   2.085100   4.0  1  5.300E-13  1
                                       2     1.2383  1.000E+00  1.000E+00  0.000E+00
  4   2.657600   2.0  1  2.500E-13  2
                                       2     1.8108  5.600E-01  5.600E-01  0.000E+00
                                       1     2.6576  4.400E-01  4.400E-01  0.000E+00
  5   2.959700   0.0  1  1.100E-13  1
                                       2     2.1129  1.000E+00  1.000E+00  0.000E+00
  6   3.119700   2.0  1  3.400E-14  2
                                       2     2.2729  4.200E-01  4.200E-01  0.000E+00
                                       1     3.1197  5.800E-01  5.800E-01  0.000E+00
  7   3.369900   4.0  1  2.100E-14  1
                                       3     1.2848  1.000E+00  1.000E+00  0.000E+00
  8   3.388800   6.0  1  1.800E-14  1
                                       7     0.0189  1.000E+00  1.000E+00  0.000E+00
  9   3.445100   3.0 -1  1.300E-14  0
 10   3.600700   1.0  1  9.500E-15  1
                                       2     2.7539  1.000E+00  1.000E+00  0.000E+00
 11   3.829800   2.0  1  6.200E-15  0
 12   3.854300   3.0  1  5.500E-15  0
 13   4.100500   4.0  1  3.600E-15  0
 14   4.120000   2.0  1  3.400E-15  0
 15   4.177000   3.0 -1  3.000E-15  0
 16   4.295000   4.0  1  2.400E-15  0
 17   4.510000   5.0 -1  1.700E-15  0
 18   4.610000   2.0  1  1.400E-15  0
 19   4.724000   3.0 -1  1.200E-15  0
 20   4.930000   4.0  1  9.000E-16  0
57Fe    57   26   30   10   20   12    7.646400   10.181600
  1   0.000000   0.5 -1 -1.000E+00  0
  2   0.014370   1.5 -1  9.800E-08  1
                                       1     0.0144  1.000E+00  1.000E+00  0.000E+00
  3   0.136300   2.5 -1  7.200E-10  1
                                       2     0.1219  1.000E+00  1.000E+00  0.000E+00
  4   0.366800   1.5 -1  2.600E-11  2
                                       2     0.3524  6.500E-01  6.500E-01  0.000E+00
                                       3     0.2305  3.500E-01  3.500E-01  0.000E+00
  5   0.706100   3.5 -1  1.080E-11  1
                                       3     0.5698  1.000E+00  1.000E+00  0.000E+00
  6   0.717300   0.5 -1  1.020E-11  1
                                       1     0.7173  1.000E+00  1.000E+00  0.000E+00
  7   1.007500   3.5 -1  6.100E-13  1
                                       3     0.8712  1.000E+00  1.000E+00  0.000E+00
  8   1.265400   2.5 -1  1.200E-13  2
                                       3     1.1291  5.300E-01  5.300E-01  0.000E+00
                                       4     0.8986  4.700E-01  4.700E-01  0.000E+00
  9   1.357200   1.5 -1  9.200E-14  1
                                       1     1.3572  1.000E+00  1.000E+00  0.000E+00
 10   1.505300   2.5 -1  5.800E-14  0
 11   1.627200   0.5 -1  4.100E-14  0
 12   1.725500   3.5 -1  3.200E-14  0
 13   1.850000   2.5 -1  2.300E-14  0
 14   1.940000   1.5 -1  1.900E-14  0
 15   2.040000   3.5 -1  1.500E-14  0
 16   2.130000   2.5 -1  1.200E-14  0
 17   2.210000   4.5 -1  1.000E-14  0
 18   2.310000   1.5 -1  8.000E-15  0
 19   2.420000   3.5 -1  6.500E-15  0
 20   2.520000   2.5 -1  5.500E-15  0
 21   2.630000   4.5 -1  4.500E-15  0
 22   2.750000   1.5 -1  3.700E-15  0
 23   2.870000   3.5 -1  3.000E-15  0
 24   2.960000   2.5 -1  2.500E-15  0
 25   3.070000   5.5 -1  2.100E-15  0
 26   3.180000   1.5 -1  1.800E-15  0
 27   3.290000   3.5 -1  1.500E-15  0
 28   3.400000   4.5 -1  1.300E-15  0
 29   3.520000   2.5 -1  1.100E-15  0
 30   3.640000   3.5 -1  9.500E-16  0
