# RIPL-3 Shell Corrections and Ground State Deformations (subset for testing)
# Source: RIPL-3 / Moller et al. FRDM(2012)
# Z    A    Shell     Pairing   Beta2     Beta4
   24   52    -4.120     0.000     0.000     0.000
   24   53    -3.850    -0.680     0.000     0.000
   25   55    -3.210    -0.720     0.000     0.000
   26   54    -3.680     0.000     0.000     0.000
   26   55    -3.250    -0.700     0.000     0.000
   26   56    -3.470     0.000     0.000     0.000
   26   57    -3.140    -0.660     0.000     0.000
   26   58    -3.350     0.000     0.000     0.000
   27   57    -2.890    -0.640     0.000     0.000
   27   59    -3.020    -0.620     0.000     0.000
   28   58    -5.120     0.000     0.000     0.000
   28   59    -4.880    -0.580     0.000     0.000
   28   60    -5.350     0.000     0.000     0.000
   82  208   -11.430    -0.860     0.000     0.000
   92  238    -1.240    -0.530     0.274     0.093
