# RIPL-3 Mass Table (FRDM subset for Fe region testing)
# Source: Audi et al. AME2020 / Moller et al. FRDM(2012)
# Z    A   EL    Mass Excess   BE/A       Beta       AtomicMass
   24   52  Cr      -55.416     8.776     -1.630    51940506.300
   24   53  Cr      -55.282     8.760      2.544    52940648.200
   25   55  Mn      -57.710     8.765      3.695    54938043.600
   25   56  Mn      -56.910     8.738     -3.696    55938904.200
   26   54  Fe      -56.250     8.736      0.697    53939609.400
   26   55  Fe      -57.476     8.747     -3.451    54938293.400
   26   56  Fe      -60.601     8.790     -4.566    55921677.432
   26   57  Fe      -60.176     8.770     -0.836    56935393.320
   26   58  Fe      -62.149     8.792      2.307    57933274.300
   27   57  Co      -59.340     8.742      0.836    56936291.000
   27   59  Co      -62.228     8.768     -1.565    58933194.100
   28   58  Ni      -60.223     8.732      2.820    57935342.640
   28   59  Ni      -61.153     8.737     -3.314    58934346.400
   28   60  Ni      -64.468     8.781     -0.067    59930785.300
   28   61  Ni      -64.219     8.765      3.247    60931056.000
   1    1  H         7.289     0.000      0.782     1007825.032
   1    2  H         8.071     1.112     -0.019     2014101.778
   2    3  He       14.931     2.573      0.019     3016029.320
   2    4  He        2.425     7.074     26.731     4002603.254
