# RIPL-3 HFB Microscopic Level Density Table for Z=26
# Source: RIPL-3 / Hilaire et al. (subset for testing)
# Format: header Z(i5) A(i5) N_entries(i5), then rows of U(f10) J(f5) pi(i3) rho(e12)
   26   56   24
    0.000  0.0  1  1.000E-05
    0.500  0.0  1  3.200E-03
    1.000  1.0 -1  1.500E-01
    1.500  1.0  1  8.600E-01
    2.000  2.0  1  3.400E+00
    2.500  2.0 -1  1.200E+01
    3.000  2.0  1  3.800E+01
    3.500  3.0 -1  1.100E+02
    4.000  3.0  1  3.000E+02
    4.500  3.0 -1  7.500E+02
    5.000  4.0  1  1.800E+03
    5.500  4.0 -1  4.200E+03
    6.000  4.0  1  9.500E+03
    6.500  5.0 -1  2.100E+04
    7.000  5.0  1  4.500E+04
    7.500  5.0 -1  9.500E+04
    8.000  6.0  1  1.950E+05
    8.500  6.0 -1  3.900E+05
    9.000  6.0  1  7.600E+05
    9.500  7.0 -1  1.450E+06
   10.000  7.0  1  2.700E+06
   10.500  7.0 -1  4.900E+06
   11.000  8.0  1  8.700E+06
   11.500  8.0 -1  1.530E+07
   26   57   24
    0.000  0.5 -1  1.000E-04
    0.500  0.5 -1  8.500E-03
    1.000  1.5 -1  3.200E-01
    1.500  1.5  1  1.600E+00
    2.000  2.5 -1  6.500E+00
    2.500  2.5  1  2.300E+01
    3.000  2.5 -1  7.200E+01
    3.500  3.5 -1  2.000E+02
    4.000  3.5  1  5.200E+02
    4.500  3.5 -1  1.300E+03
    5.000  4.5  1  3.100E+03
    5.500  4.5 -1  7.000E+03
    6.000  4.5  1  1.550E+04
    6.500  5.5 -1  3.300E+04
    7.000  5.5  1  6.800E+04
    7.500  5.5 -1  1.380E+05
    8.000  6.5  1  2.750E+05
    8.500  6.5 -1  5.300E+05
    9.000  6.5  1  1.000E+06
    9.500  7.5 -1  1.850E+06
   10.000  7.5  1  3.400E+06
   10.500  7.5 -1  6.100E+06
   11.000  8.5  1  1.080E+07
   11.500  8.5 -1  1.880E+07
